0.0 -5.0
0.0006012024048096192 -4.772042450357503
0.0012024048096192384 -4.544093432295881
0.0018036072144288575 -4.3161614763739635
0.002404809619238477 -4.088255111106719
0.003006012024048096 -3.860382861943606
0.003607214428857715 -3.6325532502481224
0.004208416833667334 -3.4047747922775784
0.004809619238476954 -3.1770559981645192
0.005410821643286573 -2.9494053708992283
0.006012024048096192 -2.7218314053135373
0.006613226452905812 -2.4943425870668534
0.00721442885771543 -2.266947391633778
0.00781563126252505 -2.0396542832939417
0.008416833667334669 -1.812471714124456
0.009018036072144289 -1.585408122994636
0.009619238476953907 -1.3584719345636813
0.010220440881763526 -1.1316715582816528
0.010821643286573146 -0.9050153873931208
0.011422845691382764 -0.6785117979448501
0.012024048096192385 -0.4521691477967238
0.012625250501002003 -0.2259957756367612
0.013226452905811623 0.0
0.013827655310621242 0.36429830838562793
0.01442885771543086 0.7259708015950537
0.01503006012024048 1.084924826812653
0.0156312625250501 1.4410702756305227
0.01623246492985972 1.7943196505131027
0.016833667334669337 2.1445881269988263
0.017434869739478956 2.4917936115746215
0.018036072144288578 2.8358567951706846
0.018637274549098196 3.176701202231982
0.019238476953907815 3.514253235333797
0.019839679358717433 3.8484422153193805
0.02044088176352705 4.1792004169465145
0.021042084168336674 4.506463100041344
0.021643286573146292 4.830168536166525
0.02224448897795591 5.150258030821249
0.02284569138276553 5.466675941199696
0.02344689378757515 5.779369689543728
0.02404809619238477 6.088289772135397
0.024649298597194388 6.393389763981929
0.025250501002004006 6.694626319256429
0.025851703406813625 6.991959167563607
0.026452905811623247 7.285351106109374
0.027054108216432865 7.57476798785882
0.027655310621242483 7.860178705775752
0.028256513026052102 8.141555173242523
0.02885771543086172 8.4188723007656
0.029458917835671342 8.692107969078052
0.03006012024048096 8.961242998755836
0.03066132264529058 9.226261116469175
0.0312625250501002 9.487148917995682
0.03186372745490982 9.743895828125346
0.03246492985971944 9.99649405759186
0.033066132264529056 10.244938557167359
0.033667334669338675 10.489226969061008
0.03426853707414829 10.729359575764647
0.03486973947895791 10.965339246489464
0.03547094188376753 11.197171381340524
0.036072144288577156 11.424863853377019
0.036673346693386774 11.648426948705207
0.03727454909819639 11.867873304754596
0.03787575150300601 12.083217846884281
0.03847695390781563 12.294477723469072
0.03907815631262525 12.501672239611878
0.039679358717434866 12.704822789629759
0.040280561122244485 12.90395278845773
0.0408817635270541 13.09908760211448
0.04148296593186373 13.290254477370354
0.04208416833667335 13.477482470757252
0.042685370741482966 13.660802377056314
0.043286573146292584 13.840246657396563
0.0438877755511022 14.01584936709537
0.04448897795591182 14.187646083366985
0.04509018036072144 14.355673833023332
0.04569138276553106 14.519971020285823
0.046292585170340676 14.680577354824493
0.0468937875751503 14.837533780136312
0.04749498997995992 14.990882402369607
0.04809619238476954 15.140666419698277
0.04869739478957916 15.28693005234436
0.049298597194388775 15.429718473342803
0.049899799599198394 15.569077740139448
0.05050100200400801 15.705054727105335
0.05110220440881763 15.837697059049447
0.05170340681362725 15.967053045804505
0.052304609218436875 16.093171617957125
0.05290581162324649 16.21610226378857
0.05350701402805611 16.33589496748766
0.05410821643286573 16.452600148692625
0.05470941883767535 16.56626860341396
0.05531062124248497 16.676951446386568
0.055911823647294585 16.78470005489362
0.056513026052104204 16.889566014101092
0.05711422845691382 16.99160106393765
0.05771543086172344 17.090857047549207
0.058316633266533066 17.187385861354528
0.058917835671342685 17.28123940672384
0.0595190380761523 17.372469543297655
0.06012024048096192 17.461128043960287
0.06072144288577154 17.547266551478117
0.06132264529058116 17.6309365368092
0.06192384769539078 17.712189259087666
0.0625250501002004 17.79107572728242
0.06312625250501001 17.867646663527125
0.06372745490981964 17.941952468114835
0.06432865731462925 18.01404318614823
0.06492985971943888 18.083968475833046
0.06553106212424849 18.151777578400583
0.06613226452905811 18.217519289641587
0.06673346693386774 18.28124193303205
0.06733466933867735 18.342993334430105
0.06793587174348698 18.402820798319112
0.06853707414829659 18.46077108557199
0.06913827655310621 18.516890392710025
0.06973947895791582 18.57122433262549
0.07034068136272545 18.623817916739597
0.07094188376753506 18.67471553856268
0.07154308617234469 18.72396095862416
0.07214428857715431 18.77159729073776
0.07274549098196392 18.817666989567613
0.07334669338677355 18.862211839458837
0.07394789579158316 18.905272944495664
0.07454909819639279 18.94689071975108
0.0751503006012024 18.98710488368863
0.07575150300601202 19.025954451679695
0.07635270541082163 19.063477730597015
0.07695390781563126 19.099712314445753
0.07755511022044088 19.134695080993993
0.0781563126252505 19.16846218936348
0.07875751503006012 19.201049078541814
0.07935871743486973 19.23249046677779
0.07995991983967936 19.262820351821745
0.08056112224448897 19.29207201197238
0.0811623246492986 19.32027800789257
0.0817635270541082 19.34747018515702
0.08236472945891783 19.37367967749526
0.08296593186372746 19.39893691069284
0.08356713426853707 19.423271607115794
0.0841683366733467 19.44671279082337
0.0847695390781563 19.469288793233773
0.08537074148296593 19.491027259310442
0.08597194388777554 19.51195515423501
0.08657314629258517 19.53209877053473
0.08717434869739478 19.551483735633894
0.0877755511022044 19.57013501979759
0.08837675350701403 19.58807694443857
0.08897795591182364 19.60533319075853
0.08957915831663327 19.621926808695207
0.09018036072144288 19.63788022614864
0.0907815631262525 19.65321525846042
0.09138276553106212 19.667953118119726
0.09198396793587174 19.68211442467316
0.09258517034068135 19.695719214813266
0.09318637274549098 19.708786952624166
0.0937875751503006 19.721336539962067
0.09438877755511021 19.733386326949926
0.09498997995991984 19.74495412256624
0.09559118236472945 19.75605720530899
0.09619238476953908 19.76671233391619
0.09679358717434869 19.776935758126
0.09739478957915831 19.78674322945983
0.09799599198396793 19.796150012012276
0.09859719438877755 19.80517089323388
0.09919839679358718 19.813820194691687
0.09979959919839679 19.822111782794877
0.10040080160320641 19.83005907947262
0.10100200400801602 19.837675072792763
0.10160320641282565 19.84497232750971
0.10220440881763526 19.85196299553172
0.10280561122244489 19.858658826297415
0.1034068136272545 19.86507117705304
0.10400801603206412 19.8712110230216
0.10460921843687375 19.877088967456416
0.10521042084168336 19.882715251572108
0.10581162324649299 19.888099764346123
0.1064128256513026 19.89325205218529
0.10701402805611222 19.898181328451244
0.10761523046092183 19.902896482840788
0.10821643286573146 19.90740609061595
0.10881763527054107 19.91171842168029
0.1094188376753507 19.915841449497975
0.11002004008016032 19.91978285985209
0.11062124248496993 19.92355005944023
0.11122244488977956 19.927150184304992
0.11182364729458917 19.93059010809708
0.1124248496993988 19.933876450170544
0.11302605210420841 19.9370155835079
0.11362725450901803 19.94001364247498
0.11422845691382764 19.94287653040527
0.11482965931863727 19.945609927012754
0.11543086172344688 19.948219295633976
0.1160320641282565 19.950709890299663
0.11663326653306613 19.953086762635962
0.11723446893787574 19.955354768596635
0.11783567134268537 19.957518575027052
0.11843687374749498 19.95958266606084
0.1190380761523046 19.961551349351566
0.11963927855711422 19.96342876213953
0.12024048096192384 19.965218877157042
0.12084168336673345 19.96692550837247
0.12144288577154308 19.96855231657628
0.1220440881763527 19.97010281481056
0.12264529058116232 19.97158037364437
0.12324649298597194 19.97298822629716
0.12384769539078155 19.974329473613125
0.12444889779559118 19.97560708888807
0.1250501002004008 19.976823922552285
0.1256513026052104 19.977982706711487
0.12625250501002003 19.979086059548877
0.12685370741482965 19.98013648959045
0.12745490981963928 19.981136399836885
0.1280561122244489 19.982088091764524
0.1286573146292585 19.9829937691984
0.12925851703406813 19.983855542059814
0.12985971943887775 19.98467542999157
0.13046092184368738 19.98545536586397
0.13106212424849698 19.98619719916354
0.1316633266533066 19.986902699268228
0.13226452905811623 19.98757355861136
0.13286573146292585 19.98821139573755
0.13346693386773548 19.98881775825282
0.13406813627254507 19.98939412567222
0.1346693386773547 19.98994191216758
0.13527054108216433 19.990462469217903
0.13587174348697395 19.990957088165317
0.13647294589178355 19.99142700267896
0.13707414829659317 19.9918733911299
0.1376753507014028 19.992297378879243
0.13827655310621242 19.99270004048219
0.13887775551102205 19.99308240181051
0.13947895791583165 19.99344544209572
0.14008016032064127 19.99379009589586
0.1406813627254509 19.994117254987657
0.14128256513026052 19.994427770186746
0.14188376753507012 19.994722453098518
0.14248496993987975 19.99500207780096
0.14308617234468937 19.9952673824626
0.143687374749499 19.995519070897217
0.14428857715430862 19.995757814057527
0.14488977955911822 19.995984251469736
0.14549098196392785 19.99619899261137
0.14609218436873747 19.996402618233844
0.1466933867735471 19.996595681631845
0.1472945891783567 19.9967787098617
0.14789579158316632 19.996952204909917
0.14849699398797594 19.997116644814298
0.14909819639278557 19.997272484738687
0.1496993987975952 19.997420158003592
0.1503006012024048 19.997560077074013
0.15090180360721442 19.997692634506052
0.15150300601202404 19.997818203853683
0.15210420841683367 19.997937140537545
0.15270541082164327 19.998049782677015
0.1533066132264529 19.998156451886643
0.15390781563126252 19.998257454038765
0.15450901803607214 19.99835307999325
0.15511022044088177 19.998443606295893
0.15571142284569137 19.99852929584648
0.156312625250501 19.998610398537892
0.15691382765531062 19.99868715186716
0.15751503006012024 19.998759781519652
0.15811623246492984 19.99882850192779
0.15871743486973947 19.998893516804856
0.1593186372745491 19.998955019654886
0.15991983967935872 19.99901319426033
0.16052104208416834 19.999068215147133
0.16112224448897794 19.999120248029783
0.16172344689378756 19.999169450235456
0.1623246492985972 19.999215971109265
0.16292585170340682 19.99925995240136
0.1635270541082164 19.99930152863584
0.16412825651302604 19.999340827462845
0.16472945891783566 19.999377969994782
0.1653306613226453 19.999413071126867
0.16593186372745491 19.99944623984254
0.1665330661322645 19.99947757950497
0.16713426853707414 19.999507188134885
0.16773547094188376 19.99953515867537
0.1683366733466934 19.999561579244244
0.16893787575150299 19.99958653337444
0.1695390781563126 19.99961010024316
0.17014028056112224 19.999632354889968
0.17074148296593186 19.999653368424788
0.1713426853707415 19.99967320822566
0.17194388777555109 19.999691938127
0.1725450901803607 19.999709618599184
0.17314629258517034 19.99972630691917
0.17374749498997996 19.999742057332696
0.17434869739478956 19.999756921209098
0.17494989979959918 19.999770947188267
0.1755511022044088 19.999784181320365
0.17615230460921844 19.999796667199007
0.17675350701402806 19.9998084460874
0.17735470941883766 19.999819557039018
0.17795591182364728 19.99983003701152
0.1785571142284569 19.999839920975603
0.17915831663326653 19.999849242018115
0.17975951903807613 19.99985803144017
0.18036072144288576 19.999866318850366
0.18096192384769538 19.999874132253353
0.181563126252505 19.999881498133732
0.18216432865731463 19.9998884415362
0.18276553106212423 19.999894986141044
0.18336673346693386 19.999901154336385
0.18396793587174348 19.99990696728628
0.1845691382765531 19.999912444995687
0.1851703406813627 19.999917606372094
0.18577154308617233 19.999922469283717
0.18637274549098196 19.999927050615042
0.18697394789579158 19.99993136631923
0.1875751503006012 19.99993543146826
0.1881763527054108 19.99993926029987
0.18877755511022043 19.999942866262472
0.18937875751503006 19.99994626205779
0.18997995991983968 19.999949459681034
0.19058116232464928 19.99995247045922
0.1911823647294589 19.9999553050871
0.19178356713426853 19.999957973661708
0.19238476953907815 19.99996048571478
0.19298597194388778 19.99996285024349
0.19358717434869738 19.999965075739738
0.194188376753507 19.9999671702177
0.19478957915831663 19.99996914124
0.19539078156312625 19.99997099594242
0.19599198396793585 19.999972741057547
0.19659318637274548 19.999974382936728
0.1971943887775551 19.99997592757137
0.19779559118236473 19.999977380612563
0.19839679358717435 19.999978747390173
0.19899799599198395 19.99998003293041
0.19959919839679358 19.999981241972876
0.2002004008016032 19.99998237898643
0.20080160320641283 19.999983448184366
0.20140280561122242 19.999984453538445
0.20200400801603205 19.99998539879283
0.20260521042084167 19.999986287476304
0.2032064128256513 19.999987122914888
0.20380761523046093 19.99998790824276
0.20440881763527052 19.999988646413385
0.20501002004008015 19.999989340209538
0.20561122244488977 19.999989992253006
0.2062124248496994 19.99999060501375
0.206813627254509 19.999991180818313
0.20741482965931862 19.999991721858123
0.20801603206412825 19.999992230197165
0.20861723446893787 19.9999927077792
0.2092184368737475 19.999993156434584
0.2098196392785571 19.9999935778867
0.21042084168336672 19.99999397375825
0.21102204408817635 19.99999434557685
0.21162324649298597 19.999994694780582
0.21222444889779557 19.999995022723112
0.2128256513026052 19.99999533067853
0.21342685370741482 19.99999561984589
0.21402805611222445 19.999995891353535
0.21462925851703407 19.9999961462633
0.21523046092184367 19.99999638557432
0.2158316633266533 19.99999661022656
0.21643286573146292 19.999996821104276
0.21703406813627255 19.999997019039427
0.21763527054108214 19.999997204814406
0.21823647294589177 19.99999737916528
0.2188376753507014 19.999997542784172
0.21943887775551102 19.99999769632194
0.22004008016032064 19.999997840390677
0.22064128256513024 19.999997975565975
0.22124248496993987 19.99999810238893
0.2218436873747495 19.999998221368287
0.22244488977955912 19.999998332982216
0.22304609218436872 19.99999843768029
0.22364729458917834 19.999998535885027
0.22424849699398797 19.999998627993534
0.2248496993987976 19.999998714379046
0.22545090180360722 19.99999879539223
0.22605210420841682 19.999998871362664
0.22665330661322644 19.99999894260003
0.22725450901803607 19.99999900939514
0.2278557114228457 19.999999072021353
0.2284569138276553 19.999999130735375
0.22905811623246491 19.99999918577845
0.22965931863727454 19.99999923737704
0.23026052104208417 19.99999928574391
0.23086172344689376 19.999999331078754
0.2314629258517034 19.999999373569324
0.232064128256513 19.999999413391663
0.23266533066132264 19.999999450711243
0.23326653306613226 19.999999485683418
0.23386773547094186 19.99999951845399
0.2344689378757515 19.99999954915978
0.2350701402805611 19.99999957792926
0.23567134268537074 19.999999604883044
0.23627254509018034 19.99999963013437
0.23687374749498996 19.99999965378936
0.2374749498997996 19.999999675947777
0.2380761523046092 19.999999696703185
0.23867735470941884 19.99999971614335
0.23927855711422844 19.99999973435058
0.23987975951903806 19.999999751402186
0.24048096192384769 19.99999976737064
0.2410821643286573 19.999999782323926
0.2416833667334669 19.99999979632588
0.24228456913827653 19.999999809436304
0.24288577154308616 19.9999998217113
0.24348697394789579 19.999999833203503
0.2440881763527054 19.999999843962314
0.244689378757515 19.999999854033945
0.24529058116232463 19.999999863461824
0.24589178356713426 19.99999987228665
0.24649298597194388 19.99999988054651
0.24709418837675348 19.999999888277273
0.2476953907815631 19.99999989551236
0.24829659318637273 19.99999990228332
0.24889779559118236 19.999999908619543
0.24949899799599198 19.999999914548653
0.2501002004008016 19.999999920096514
0.2507014028056112 19.99999992528734
0.2513026052104208 19.99999993014393
0.25190380761523046 19.999999934687537
0.25250501002004005 19.999999938938174
0.2531062124248497 19.999999942914485
0.2537074148296593 19.999999946634034
0.2543086172344689 19.999999950113136
0.25490981963927856 19.999999953367308
0.25551102204408815 19.999999956410875
0.2561122244488978 19.99999995925731
0.2567134268537074 19.999999961919286
0.257314629258517 19.999999964408573
0.25791583166332666 19.99999996673631
0.25851703406813625 19.99999996891296
0.2591182364729459 19.999999970948124
0.2597194388777555 19.999999972850958
0.2603206412825651 19.99999997462993
0.26092184368737475 19.999999976293054
0.26152304609218435 19.99999997784778
0.26212424849699395 19.99999997930115
0.2627254509018036 19.999999980659652
0.2633266533066132 19.99999998192942
0.26392785571142285 19.999999983116254
0.26452905811623245 19.99999998422544
0.26513026052104205 19.99999998526198
0.2657314629258517 19.999999986230705
0.2663326653306613 19.99999998713588
0.26693386773547095 19.99999998798171
0.26753507014028055 19.99999998877206
0.26813627254509015 19.999999989510513
0.2687374749498998 19.999999990200422
0.2693386773547094 19.999999990844913
0.26993987975951905 19.999999991446998
0.27054108216432865 19.99999999200935
0.27114228456913825 19.99999999253464
0.2717434869739479 19.9999999930252
0.2723446893787575 19.999999993483414
0.2729458917835671 19.999999993911274
0.27354709418837675 19.999999994310826
0.27414829659318635 19.99999999468389
0.274749498997996 19.99999999503217
0.2753507014028056 19.999999995357257
0.2759519038076152 19.999999995660744
0.27655310621242485 19.99999999594405
0.27715430861723445 19.999999996208373
0.2777555110220441 19.999999996455074
0.2783567134268537 19.999999996685176
0.2789579158316633 19.999999996899817
0.27955911823647295 19.99999999710002
0.28016032064128255 19.99999999728675
0.2807615230460922 19.999999997460804
0.2813627254509018 19.99999999762298
0.2819639278557114 19.999999997774125
0.28256513026052105 19.999999997914927
0.28316633266533064 19.999999998046007
0.28376753507014024 19.999999998167993
0.2843687374749499 19.99999999828151
0.2849699398797595 19.99999999838701
0.28557114228456915 19.999999998485066
0.28617234468937874 19.999999998576072
0.28677354709418834 19.9999999986606
0.287374749498998 19.999999998738872
0.2879759519038076 19.999999998811347
0.28857715430861725 19.999999998878366
0.28917835671342684 19.999999998940268
0.28977955911823644 19.99999999899734
0.2903807615230461 19.999999999049805
0.2909819639278557 19.999999999097952
0.29158316633266534 19.999999999142005
0.29218436873747494 19.999999999182194
0.29278557114228454 19.99999999921863
0.2933867735470942 19.9999999992516
0.2939879759519038 19.999999999281158
0.2945891783567134 19.999999999307477
0.29519038076152304 19.999999999330726
0.29579158316633264 19.999999999350962
0.2963927855711423 19.999999999368356
0.2969939879759519 19.999999999382908
0.2975951903807615 19.99999999939473
0.29819639278557114 19.999999999403883
0.29879759519038074 19.99999999941042
0.2993987975951904 19.999999999414285
0.3 19.999999999415593
